Introducing contestants...
* Player 1, weighing 544 bytes, "Oh, You Fork my TRALALA ..." ("HMMMM, my ding-ding-dong !!") !
* Player 2, weighing 62 bytes, "weird_load" ("U bout to get rekt kid") !
* Player 3, weighing 427 bytes, "Wave" ("I'm coming") !
0x0000 : 03 03 70 03 01 03 03 70 03 01 00 03 70 03 01 00 03 70 03 01 01 03 70 03 01 00 03 70 03 01 03 03 70 03 01 03 00 02 03 0e 03 00 02 03 0e 03 00 02 03 0e 03 00 02 03 0e 03 00 02 03 0e 03 00 02 03 
0x0040 : 03 03 00 02 03 0e 03 00 02 03 0e 00 00 02 03 0e 03 00 02 03 0e 03 00 02 03 0e 03 00 02 03 03 03 00 02 03 0e 03 00 02 03 0e 03 00 02 03 0e 03 00 02 03 0e 03 00 02 03 0e 03 70 00 02 03 03 00 00 
0x0080 : 00 02 03 03 00 02 03 03 03 00 02 03 03 70 00 02 03 03 70 00 02 03 03 01 00 02 03 03 70 00 02 03 03 70 00 02 03 03 70 00 02 03 03 70 00 02 03 03 70 00 02 03 03 70 00 02 03 0e 03 00 02 03 03 00 
0x00c0 : 00 02 03 03 00 00 02 03 03 00 00 02 03 03 01 00 02 03 03 0c 00 02 03 03 00 00 02 03 03 00 00 02 03 03 b8 00 02 03 03 00 03 70 00 00 02 00 02 03 03 01 00 02 03 03 00 00 02 03 03 09 00 09 03 00 
0x0100 : 02 03 03 01 00 02 00 02 03 03 03 00 02 03 03 70 00 00 02 03 03 00 02 03 03 70 03 01 00 00 02 03 03 00 00 02 03 03 00 00 02 03 03 09 00 02 03 03 01 00 02 03 03 00 00 02 03 03 f6 00 02 03 03 00 
0x0140 : 00 02 03 03 70 00 02 00 02 03 03 03 00 00 70 00 02 03 03 70 00 02 03 03 70 00 02 03 03 03 00 02 03 03 70 00 02 03 03 70 00 02 03 03 70 00 02 03 03 00 00 02 03 03 70 00 02 03 03 02 03 03 62 03 
0x0180 : 70 0e f6 97 00 00 00 00 02 03 03 0e f5 0a 03 70 0e f4 3f 03 00 02 03 03 03 70 0e f2 b2 03 70 0e f1 e7 03 00 00 00 00 03 70 0e f0 5a 03 70 0e ef 8f 03 70 0e ee cd 03 70 0e 00 02 00 02 03 03 37 
0x01c0 : 00 02 03 03 75 00 02 03 03 aa 03 00 02 03 03 03 70 0e ea 1d 00 02 03 03 52 00 02 03 03 03 03 03 0e e7 c5 00 02 03 03 fa 03 70 00 02 03 03 00 00 02 03 00 02 03 03 03 03 70 00 02 03 03 70 00 02 
0x0200 : 03 03 03 03 0e 03 03 70 00 02 03 03 03 00 02 03 03 03 00 02 03 03 03 00 02 03 03 03 00 02 03 03 03 00 02 03 03 03 00 00 00 00 00 00 00 00 02 03 03 00 02 03 03 00 00 00 00 00 00 00 02 03 03 00 
0x0240 : 00 00 00 00 00 00 00 00 00 00 00 00 00 00 00 00 00 00 00 00 00 00 00 00 00 00 00 03 70 03 01 00 00 00 00 00 00 00 00 00 00 00 00 00 00 03 70 03 01 00 00 00 00 00 00 00 00 00 00 00 02 03 03 00 
0x0280 : 00 00 00 00 00 00 02 03 0e 00 00 00 00 00 00 00 00 00 00 00 00 00 00 02 03 03 00 00 00 00 00 00 00 00 00 00 00 00 00 00 00 00 00 00 00 00 00 00 03 70 03 01 00 00 00 00 00 00 00 00 00 00 00 03 
0x02c0 : 70 03 01 00 03 70 03 01 00 03 70 03 01 00 03 70 03 01 00 03 70 03 01 00 03 70 03 01 00 02 03 0e 00 00 03 70 03 01 00 03 00 02 03 03 00 00 00 00 00 00 00 02 03 0e 02 03 0e 00 00 00 00 00 00 00 
0x0300 : 03 70 00 00 02 03 03 00 00 00 00 00 00 00 00 02 03 03 03 03 00 00 02 03 03 00 00 02 03 03 70 00 02 03 03 70 00 02 00 02 03 0e 00 00 00 02 03 03 00 02 03 03 00 00 02 03 0e 00 00 00 02 03 03 00 
0x0340 : 00 00 00 00 00 00 00 00 00 00 00 00 00 00 00 00 00 00 00 00 00 00 00 00 00 00 00 00 02 03 03 00 02 03 0e 00 00 00 00 00 00 00 02 03 0e 00 02 03 03 03 0e 01 02 03 03 00 00 02 03 03 70 03 01 03 
0x0380 : 01 00 00 00 00 00 00 00 00 00 00 00 00 00 00 00 00 00 00 00 00 00 00 02 03 03 00 00 00 00 00 00 00 00 00 00 00 00 00 00 00 00 00 00 00 00 00 00 03 70 03 01 00 00 00 00 00 00 00 00 00 00 00 03 
0x03c0 : 70 03 01 00 03 70 03 01 00 03 70 03 01 00 03 70 03 01 00 03 70 03 01 00 03 70 03 01 02 00 02 03 0e 00 00 02 03 03 00 00 00 00 00 00 00 00 00 00 00 00 00 00 00 02 03 03 00 00 00 00 00 00 00 00 
0x0400 : 00 02 03 03 00 00 00 00 00 00 00 00 00 00 00 00 00 02 03 03 03 00 02 03 03 01 00 00 00 02 03 03 00 00 02 03 03 00 00 00 02 03 03 00 00 02 03 03 02 03 03 00 00 00 02 03 03 00 00 00 02 03 03 00 
0x0440 : 00 00 00 00 00 00 00 00 00 00 00 00 00 00 00 00 00 00 00 00 00 00 00 00 00 00 00 00 02 03 03 00 00 00 00 00 00 00 00 00 00 00 00 00 00 00 00 00 00 02 03 03 00 00 00 00 00 02 03 03 00 00 00 02 
0x0480 : 03 03 00 02 03 03 00 00 00 00 00 02 03 03 00 00 02 03 03 00 00 00 00 02 03 03 00 00 00 00 00 00 00 00 00 00 00 00 00 00 00 00 00 00 00 00 00 00 00 02 03 03 00 00 00 00 00 00 00 00 00 00 00 00 
0x04c0 : 02 03 03 00 00 02 03 03 00 00 02 03 03 00 00 02 03 03 00 00 02 03 03 00 00 00 00 02 03 03 00 00 03 70 00 02 03 03 00 00 00 02 03 03 00 00 00 00 00 00 00 00 00 00 00 00 00 00 00 00 00 00 00 00 
0x0500 : 00 02 03 03 00 00 00 00 00 00 00 00 00 00 00 00 00 00 00 02 03 00 02 03 03 00 00 00 00 02 03 03 00 00 02 03 03 00 00 00 00 00 00 00 00 00 00 00 02 03 0e 00 00 00 00 00 00 00 00 00 00 00 00 00 
0x0540 : 00 00 00 00 00 00 00 00 00 00 00 00 00 00 00 00 00 00 00 00 00 01 ff ff ff ff 02 d0 00 01 02 0d d0 00 01 02 0a e4 00 02 00 02 03 0e e4 00 02 00 03 70 03 01 01 00 05 ff 00 02 03 03 00 00 00 02 
0x0580 : 03 03 00 02 03 03 02 00 02 03 03 70 03 01 0f fa 0f 0f fa 00 00 00 00 02 03 03 00 00 00 00 00 00 00 00 00 00 00 00 00 00 00 00 00 00 00 00 00 00 00 00 00 00 00 00 00 00 00 00 00 00 00 00 00 00 
0x05c0 : 02 03 03 00 00 02 03 03 00 00 02 03 03 00 00 02 03 03 00 00 02 03 03 00 00 00 00 02 03 03 00 00 00 02 03 03 00 00 00 00 00 02 03 03 00 00 00 00 00 00 00 00 00 00 00 00 00 00 00 00 00 00 00 00 
0x0600 : 03 70 03 01 00 00 00 00 00 00 00 00 00 00 00 00 00 00 00 00 00 00 02 03 03 00 00 00 03 70 03 01 00 03 70 03 01 00 00 00 00 00 00 00 00 00 00 00 00 00 00 00 00 00 00 00 00 00 00 00 00 00 00 00 
0x0640 : 00 00 00 00 00 00 00 00 00 00 00 00 00 00 00 00 00 00 00 00 00 00 00 00 00 00 00 00 00 00 00 00 00 00 00 00 00 00 00 00 00 00 00 00 00 00 00 00 00 00 00 00 00 00 00 00 00 00 00 00 00 00 00 00 
0x0680 : 02 03 0e 70 03 01 00 00 00 00 00 00 00 00 00 00 00 00 00 00 00 00 00 02 03 00 02 03 0e 00 00 00 00 00 00 00 00 00 00 00 00 00 00 00 00 00 00 00 00 00 00 00 00 00 00 00 00 00 00 00 00 00 00 00 
0x06c0 : 00 00 00 00 00 00 00 00 00 00 00 00 00 00 00 00 00 00 00 00 00 00 00 00 00 00 00 00 00 00 00 00 00 00 00 00 00 00 00 00 00 00 00 00 00 00 00 00 00 00 00 00 00 00 00 00 00 00 00 00 00 00 00 00 
0x0700 : 00 02 03 0e 00 00 00 00 00 00 00 00 00 00 00 00 00 00 00 00 00 00 00 00 00 00 00 00 00 02 03 0e 00 00 02 03 0e 00 00 00 00 00 00 00 00 00 00 00 00 00 00 00 00 00 00 00 00 00 00 00 00 00 00 00 
0x0740 : 00 00 00 00 00 00 00 00 00 00 00 00 00 00 00 00 00 00 00 00 00 00 00 00 00 00 00 00 00 00 00 00 00 00 00 00 00 00 00 00 00 00 00 00 00 00 00 00 00 00 00 00 00 00 00 00 00 00 00 00 00 00 00 00 
0x0780 : 00 00 00 00 00 00 00 00 00 00 00 00 00 00 00 00 00 00 00 00 00 00 00 00 00 00 00 00 00 00 00 00 00 00 00 00 00 00 00 00 00 00 00 00 00 00 00 00 00 00 00 00 00 00 00 00 00 00 00 00 00 00 00 00 
0x07c0 : 00 00 00 00 00 00 00 00 00 00 00 00 00 00 00 00 00 00 00 00 00 00 00 00 00 00 00 00 00 00 00 00 00 00 00 00 00 00 00 00 00 00 00 00 00 00 00 00 00 00 00 00 00 00 00 00 00 00 00 00 00 00 00 00 
0x0800 : 00 00 00 00 00 00 00 00 00 00 00 00 00 00 00 00 00 00 00 00 00 00 00 00 00 00 00 00 00 00 00 00 00 00 00 00 00 00 00 00 00 00 00 00 00 00 00 00 00 00 00 00 00 00 00 00 00 00 00 00 00 00 00 00 
0x0840 : 00 00 00 00 00 00 00 00 00 00 00 00 00 00 00 00 00 00 00 00 00 00 00 00 00 00 00 00 00 00 00 00 00 00 00 00 00 00 00 00 00 00 00 00 00 00 00 00 00 00 00 00 00 00 00 00 00 00 00 00 00 00 00 00 
0x0880 : 00 00 00 00 00 00 00 00 00 00 00 00 00 00 00 00 00 00 00 00 00 00 00 00 00 00 00 00 00 00 00 00 00 00 00 00 00 00 00 00 00 00 00 00 00 00 00 00 00 00 00 00 00 00 00 00 00 00 00 00 00 00 00 00 
0x08c0 : 00 00 00 00 00 00 00 00 00 00 00 00 00 00 00 00 00 00 00 00 00 00 00 00 00 00 00 00 00 00 00 00 00 00 00 00 00 00 00 00 00 00 00 00 00 00 00 00 00 00 00 00 00 00 00 00 00 00 00 00 00 00 00 00 
0x0900 : 00 00 00 00 00 00 00 00 00 00 00 00 00 00 00 00 00 00 00 00 00 00 00 00 00 00 00 00 00 00 00 00 00 00 00 00 00 00 00 00 00 00 00 00 00 00 00 00 00 00 00 00 00 00 00 00 00 00 00 00 00 00 00 00 
0x0940 : 00 00 00 00 00 00 00 00 00 00 00 00 00 00 00 00 00 00 00 00 00 00 00 00 00 00 00 00 00 00 00 00 00 00 00 00 00 00 00 00 00 00 00 00 00 00 00 00 00 00 00 00 00 00 00 00 00 00 00 00 00 00 00 00 
0x0980 : 00 00 00 00 00 00 00 00 00 00 00 00 00 00 00 00 00 00 00 00 00 00 00 00 00 00 00 00 00 00 00 00 00 00 00 00 00 00 00 00 00 00 00 00 00 00 00 00 00 00 00 00 00 00 00 00 00 00 00 00 00 00 00 00 
0x09c0 : 00 00 00 00 00 00 00 00 00 00 00 00 00 00 00 00 00 00 00 00 00 00 00 00 00 00 00 00 00 00 00 00 00 00 00 00 00 00 00 00 00 00 00 00 00 00 00 00 00 00 00 00 00 00 00 00 00 00 00 00 00 00 00 00 
0x0a00 : 00 00 00 00 00 00 00 00 00 00 00 00 00 00 00 00 00 00 00 00 00 00 00 00 00 00 00 00 00 00 00 00 00 00 00 00 00 00 00 00 00 00 00 00 00 00 00 00 00 00 00 00 00 00 00 00 00 00 00 00 00 00 00 00 
0x0a40 : 00 00 00 00 00 00 00 00 00 00 00 00 00 00 00 00 00 00 00 00 00 00 00 00 00 00 00 00 00 00 00 00 00 00 00 00 00 00 00 00 00 00 00 00 00 00 00 00 00 00 00 00 00 00 00 00 00 00 00 00 00 00 00 00 
0x0a80 : 00 00 00 00 00 00 00 00 00 00 00 00 00 00 00 00 00 00 00 00 00 00 00 00 00 00 00 00 00 00 00 00 00 00 00 00 00 00 00 00 00 00 00 09 ff f2 13 00 01 02 90 03 70 03 01 03 03 70 03 01 c2 01 ff ff 
0x0ac0 : ff fd 0c 01 ae 03 70 03 01 ba 03 70 03 01 ba 03 70 03 01 ba 03 70 03 01 ba 03 70 03 01 ba 03 70 03 01 ba 03 70 03 01 ba 03 70 03 01 ba 03 70 03 01 ba 03 70 03 01 ba 03 70 03 01 ba 03 70 03 01 
0x0b00 : ba 03 70 03 01 ba 03 70 03 01 ba 03 70 03 01 ba 03 70 03 01 ba 03 70 03 01 ba 03 70 03 01 ba 03 70 03 01 ba 03 70 03 01 ba 03 70 03 01 ba 03 70 03 01 ba 03 70 03 01 ba 03 70 03 01 ba 03 70 03 
0x0b40 : 01 ba 03 70 03 01 ba 03 70 03 01 ba 03 70 03 01 ba 03 70 03 01 ba 03 70 03 01 ba 03 70 03 01 ba 03 70 03 01 ba 03 70 03 01 ba 03 70 03 01 ba 03 70 03 01 ba 03 70 03 01 ba 03 70 03 01 ba 03 70 
0x0b80 : 03 01 ba 03 70 03 01 ba 03 70 03 01 ba 03 70 03 01 ba 03 70 03 01 ba 03 70 03 01 ba 03 70 03 01 ba 03 70 03 01 ba 03 70 03 01 ba 03 70 03 01 ba 03 70 03 01 ba 03 70 03 01 ba 03 70 03 01 ba 03 
0x0bc0 : 70 03 01 ba 02 90 00 09 ff f2 08 0b 68 08 fe df 00 00 00 09 ff f2 38 00 01 0b 68 08 ff f9 00 00 0b 68 ff ff ff ff 01 0b 68 01 ff f9 00 02 0b 68 ff ff ff ff 01 0b 68 01 ff f9 00 02 0b 68 ff ff 
0x0c00 : ff ff 01 0b 68 01 ff f9 00 02 01 ff ff ff fd 09 ff fb 01 ff ff ff fd 09 ff fb 06 a4 00 00 00 00 00 00 00 00 09 01 ff ff ff fd 0c ff fb 01 ff ff fc 18 0c ff d8 01 ff ff fc 18 0c ff d8 01 ff ff 
0x0c40 : fc 18 0c 00 0b 01 ff ff fc 18 09 ff db 01 ff ff ff fd 09 fe 6b 00 00 00 00 00 00 00 00 00 00 00 00 00 00 00 00 00 00 00 00 00 00 00 00 00 00 00 00 00 00 00 00 00 00 00 00 00 03 70 03 01 00 00 
0x0c80 : 02 03 03 00 00 02 03 03 00 00 02 03 03 00 00 02 03 03 00 00 02 03 03 00 00 02 03 03 00 00 02 03 03 00 00 02 03 03 00 00 02 03 03 00 00 02 03 03 00 00 02 03 03 00 00 02 03 03 00 00 02 03 03 00 
0x0cc0 : 00 02 03 03 00 00 02 03 03 00 00 02 03 03 00 00 02 03 03 00 00 02 03 03 00 00 02 03 03 00 00 02 03 03 00 00 02 03 03 00 00 02 03 03 00 00 02 03 03 00 00 02 03 03 00 00 02 03 03 00 00 02 03 03 
0x0d00 : 00 00 02 03 03 00 00 02 03 03 00 00 02 03 03 00 00 02 03 03 00 00 02 03 03 00 00 02 03 03 00 00 02 03 03 00 00 02 03 03 00 00 02 03 03 00 00 02 03 03 00 00 02 03 03 00 00 02 03 03 00 00 02 03 
0x0d40 : 03 00 00 02 03 03 00 00 02 03 03 00 00 02 03 03 00 00 02 03 03 00 00 02 03 03 00 00 02 03 03 00 00 02 03 03 00 00 02 03 03 00 00 02 03 03 00 00 02 03 03 00 00 02 03 03 00 00 00 02 03 03 00 03 
0x0d80 : 70 03 01 00 03 70 03 01 00 03 70 03 01 00 03 70 03 01 00 03 70 03 01 00 03 70 03 01 00 03 70 03 01 00 03 70 03 01 00 03 70 03 01 00 03 70 03 01 00 03 70 03 01 00 03 70 03 01 00 03 70 03 01 00 
0x0dc0 : 03 70 03 01 00 03 70 03 01 00 03 70 03 01 00 03 70 03 01 00 00 02 03 03 00 00 02 03 03 00 00 02 03 03 00 00 02 03 03 00 00 02 03 03 00 03 70 03 01 00 00 02 03 03 00 00 02 03 03 00 00 02 03 03 
0x0e00 : 00 00 02 03 03 00 00 02 03 03 00 00 02 03 03 00 00 02 03 03 00 00 02 03 03 00 00 02 03 03 00 00 02 03 03 00 00 02 03 03 00 00 02 03 0e 00 00 02 03 0e 00 03 70 03 01 00 00 02 03 03 00 00 02 03 
0x0e40 : 03 00 00 02 03 03 00 00 02 03 03 00 00 02 03 03 00 00 02 03 03 00 00 02 03 03 00 00 02 03 03 00 00 02 03 03 00 00 02 03 03 00 00 02 03 03 00 00 02 03 03 00 00 02 03 03 00 00 00 02 03 03 03 00 
0x0e80 : 02 03 03 00 00 02 03 03 00 00 02 03 03 00 00 02 03 03 00 00 02 03 03 00 00 02 03 03 00 00 02 03 03 00 00 02 03 03 00 00 02 03 03 00 00 02 03 03 00 00 02 03 03 00 00 02 03 03 00 00 02 03 03 00 
0x0ec0 : 00 02 03 03 00 00 02 03 03 00 00 02 03 03 00 00 02 03 03 00 00 02 03 03 00 00 02 03 03 00 00 02 03 03 00 00 02 03 03 00 00 02 03 03 00 00 02 03 03 00 00 02 03 03 00 00 02 03 03 00 00 02 03 03 
0x0f00 : 00 00 02 03 03 00 00 02 03 03 00 00 02 03 03 00 00 02 03 03 00 00 02 03 03 00 00 02 03 03 00 00 02 03 03 00 00 02 03 03 00 00 02 03 03 00 00 02 03 03 00 00 02 03 03 00 00 02 03 03 00 00 02 03 
0x0f40 : 03 00 00 02 03 03 00 00 02 03 03 00 00 02 03 03 00 00 02 03 03 00 00 02 03 03 00 00 02 03 03 00 00 02 03 03 00 00 02 03 03 00 00 02 03 03 00 00 02 03 03 00 00 02 03 03 00 00 03 70 00 03 70 00 
0x0f80 : 02 03 03 03 00 02 03 03 00 00 02 03 03 00 00 02 03 03 00 00 02 03 03 00 00 02 03 03 00 00 02 03 03 00 00 02 03 03 00 00 02 03 03 00 00 02 03 03 00 00 02 03 03 00 00 02 03 03 00 00 02 03 03 00 
0x0fc0 : 00 02 03 03 00 00 02 03 03 00 00 02 03 03 00 00 02 03 03 00 00 02 03 03 00 00 02 03 03 00 03 70 03 01 00 03 70 03 01 00 03 70 03 01 03 03 70 03 01 00 03 70 03 01 00 03 70 03 01 00 03 70 03 01 
